[gd_scene load_steps=3 format=3 uid="uid://b1x4d3kr3tuc4"]

[ext_resource type="Script" uid="uid://x06j8dblviuo" path="res://farming/scenes/crop.gd" id="1_upi6d"]

[sub_resource type="BoxMesh" id="BoxMesh_t4j0g"]
size = Vector3(0.2, 0.2, 0.4)

[node name="Crop" type="Node3D"]
script = ExtResource("1_upi6d")

[node name="MeshInstance3D" type="MeshInstance3D" parent="."]
mesh = SubResource("BoxMesh_t4j0g")

[node name="MeshInstance3D2" type="MeshInstance3D" parent="."]
transform = Transform3D(0.707107, 0, 0.707107, 0, 1, 0, -0.707107, 0, 0.707107, -0.56785, 0, -0.427836)
mesh = SubResource("BoxMesh_t4j0g")

[node name="MeshInstance3D3" type="MeshInstance3D" parent="."]
transform = Transform3D(0.866025, 0, 0.5, 0, 1, 0, -0.5, 0, 0.866025, -0.432519, 0, 0.661612)
mesh = SubResource("BoxMesh_t4j0g")

[node name="MeshInstance3D4" type="MeshInstance3D" parent="."]
transform = Transform3D(0.343873, 0, -0.939016, 0, 1, 0, 0.939016, 0, 0.343873, 0.553963, 0, 0.317089)
mesh = SubResource("BoxMesh_t4j0g")
